260.23
10.347
484.14
461.87
74.655
625.47
25.809
77.14
85.115
32.683
22.209
108.45
31.227
21.48
27.411
20.142
383.44
378.5
136.83
581.77
264.82
423.03
71.411
55.729
34.026
13.258
41.814
127.67
207.78
40.24
182.03
601.26
52.349
320.2
503.31
53.905
239.65
103.71
181.81
543.52
514.58
2.9112
498.21
70.678
155.8
684.76
728.73
15.553
27.062
182.53
82.109
513.3
47.709
142.39
28.595
398.62
7.0736
205.7
42.859
255.65
38.453
1014.2
1185.4
141.02
280.21
9.608
10.697
262.54
38.112
28.039
60.896
188.06
171.22
203.53
419.44
8.149
124.34
272.45
0.25828
33.311
3.4212
67.802
65.659
266.62
69.953
209.99
118.34
144.97
24.867
141.26
71.178
511.41
135.73
279.91
32.713
681.25
377.8
183.46
53.206
454.7
121.57
209.68
49.141
20.425
233.84
18.934
60.82
88.313
164.42
18.462
32.539
32.513
189.28
8.9574
35.716
19.387
97.528
109.1
111.43
6.1136
96.603
1.2474
136.44
368.38
428.97
58.76
14.619
23.766
19.898
33.261
158.4
34.084
110.85
503.32
290.13
120.32
8.508
151.94
30.433
90.779
97.771
3.0478
12.821
3.6664
211.18
364.15
18.259
127.07
89.669
12.37
29.606
5.3718
241.7
150.68
40.53
33.14
27.389
6.2819
104.51
2.5804
10.763
31.66
301.26
47.099
352.18
348.33
323.81
37.166
41.313
132.86
291.62
603.54
115.55
118.18
430.67
204.76
15.254
284.74
349.59
5.942
49.068
136.57
14.827
30.407
266.5
47.68
90.235
61.146
59.691
8.0851
322.44
109.29
148.77
42.862
2.1832
11.702
29.572
60.788
20.017
36.484
32.345
4.1693
315.71
5.966
75.581
14.948
48.258
37.96
241.99
262.88
52.79
38.306
57.919
18.717
67.563
223.09
52.902
12.58
287.92
96.658
109.33
38.917
11.385
12.14
24.211
8.4136
67.989
9.592
55.625
2.7583
27.221
346.19
357.82
9.8301
140.69
57.009
95
6.4305
20.655
321.2
536.23
116
3.0212
2.919
344.82
141.08
135.6
6.334
56.636
85.531
70.691
87.618
48.98
38.864
133.47
73.91
72.26
22.919
40.786
24.867
111.24
57.224
7.4297
208.89
195.15
47.369
23.1
12.982
9.906
10.229
88.14
4.0744
113.63
255.58
112.25
8.2415
123.48
165.39
228.89
486.38
432.66
438.14
477.42
6.0434
48.647
51.941
250.72
27.57
322.92
126.05
413.49
474.82
58.161
53.999
33.2
61.785
49.869
67.485
465.28
1.7112
128.26
416.18
9.2801
22.111
17.671
26.578
99.563
169.6
94.387
155.21
87.32
57.617
31.075
9.8492
51.125
48.029
129.04
5.1346
37.722
3.8978
20.097
12.678
78.629
167.89
137.21
1.3756
19.724
18.239
12.189
324.91
320.94
81.211
259.26
371.77
105.07
195.02
195.77
214.87
24.325
25.908
240.32
188.47
163.74
153.2
116.29
69.324
35.782
32.522
7.8873
13.164
25.806
52.263
206.06
28.618
64.577
4.3905
13.609
192.74
91.42
237.07
26.166
43.359
46.555
113.06
23.39
73.955
211.1
182.03
47.499
430.78
60.337
265.25
20.445
111.65
106.35
230.7
98.232
36.932
263.97
618.98
384.22
411.39
346.12
298.46
628.12
288
540.3
522.52
583.06
16.431
539.41
214.15
403.76
65.489
222.89
4.6515
43.189
188.22
40.671
109.26
1415.8
209.86
22.066
95.036
129.2
595.38
191.5
204.6
125.92
62.219
30.38
81.376
83.056
65.741
31.703
456.69
545.51
268.31
72.315
113.76
291.33
3.0497
30.031
215.32
171.5
322.33
356.64
161.45
89.142
210.07
326.61
63.546
35.674
267.51
34.792
41.317
312.31
87.061
245.25
74.807
54.192
31.112
832.08
33.948
49.96
16.11
294.23
606.93
368.55
122.95
435.89
735.55
201.49
81.841
105.45
87.704
328.4
186.8
328.19
463.87
804.65
531.78
40.348
38.637
67.328
65.248
428.36
50.107
137.7
26.751
22.863
141.73
54.848
148.22
12.094
268.28
299.94
258.86
299.96
111.93
204.04
64.734
187.79
14.411
142.18
241.53
256.67
687.03
591.02
477.07
251.65
179.54
313.95
7.2614
124.22
206.24
13.106
99.116
6.1503
148.67
254.72
27.487
106.35
289.75
18.762
152.71
16.494
14.346
85.545
40.886
51.476
31.573
63.594
592.27
22.771
17.273
33.484
246.2
54.098
6.6674
201.97
80.604
335.69
215.88
74.625
28.794
180.39
42.568
2.1895
109.94
10.7
188.69
277
18.042
70.796
23.32
429.92
352.21
153.57
183.93
373.09
263.27
90.314
339.39
167.6
296.23
216.62
347.2
149.27
30.059
78.387
78.867
34.239
5.3167
12.716
17.393
13.221
200.79
14.216
41.033
170.01
6.327
44.799
127.03
120.92
101.09
316.78
65.436
213.45
440.27
390.57
54.205
274.9
267.31
378.85
396.3
161.37
259.25
487.7
532.54
557
159.67
208.66
322.49
167.95
89.918
113.71
343.89
1.03
54.002
263.7
434.65
13.366
4.6507
275.35
1170
437.84
18.892
179.91
221.55
66.902
133.22
71.192
103.92
221.83
129.73
222.91
381.69
328.35
49.681
18.303
594.97
134.45
261.15
239.32
52.313
37.759
333.28
17.518
233.89
234.07
135.61
44.781
218.77
76.19
100.81
4.1299
254.24
51.023
13.101
27.98
234.49
85.537
252.91
194.08
25.217
203.85
7.2524
18.22
61.936
51.789
31.447
70.163
64.046
321.13
36.543
216.22
66.781
218.99
95.53
228.18
103.35
195.49
571.58
16.588
75.504
200.55
63.567
107.44
139.01
170.09
10.366
41.237
47.469
97.929
85.748
217.27
41.06
6.3774
35.041
80.224
131.25
9.6546
61.892
9.8325
15.724
17.278
408.26
225.46
123.35
230.11
295.18
164.47
12.672
0.90361
70.941
150.83
184.79
71.053
18.661
42.479
27.485
10.943
79.435
296.42
95.997
167.78
54.423
359.78
381.42
442.9
438.63
19.139
163.81
21.569
304.83
272.25
160.39
139.31
60.643
96.013
451.2
24.356
8.2462
39.675
1.1742
229.08
586.07
9.9361
139.83
125.2
149.85
28.287
198.66
318.61
142.62
273.67
15.59
657.38
860.42
893.12
22.894
151.43
45.709
29.952
214.44
181.86
314.14
14.337
517.39
96.245
265.7
18.941
106.86
87.075
490.32
325.28
63.83
13.316
4.8338
10.893
236.01
417.4
350.78
50.501
115.47
35.872
7.9098
10.636
81.833
77.911
453.89
20.31
12.821
220.02
16.417
24.162
110.86
8.2152
31.317
13.458
79.76
6.3842
6.3138
145.88
45.375
509.97
878.39
23724
426.18
574.49
458.82
586.22
312.59
630.48
763.88
340.01
493.85
349.84
574.72
7.6757
11.183
96.568
3.3656
378.63
360
6.3933
36.661
501.43
158.47
36.406
92.588
20.484
244.39
559.59
109.42
21.285
16.317
56.978
580.74
40.576
274.69
78.562
252.02
90.099
3.2017
41.164
86.142
16.539
2.0328
7.7796
38.334
9.5223
87.008
192.99
546.7
91.159
148.6
247.39
33.753
167.3
155.92
24.463
82.846
86.718
29.671
41.389
35.5
248.45
120.66
34.664
58.683
18.334
136.95
121.47
19.98
88.518
16.306
106.35
17.132
37.649
20.109
182.75
32.457
1.1054
268.45
25.077
60.841
112.89
231.85
189.71
138.36
28.76
4.7872
162.42
296.54
55.369
17.754
9.529
1.3766
4.6325
80.866
31.558
106.48
60.928
87.796
86.205
69.695
167.55
59.915
238.05
323.95
17.498
220.58
21.566
38.385
103.81
168.32
20.134
7.0969
141.89
166.53
23.61
462.94
97.205
61.546
122.12
86.191
108.84
44.245
139.98
149.41
2.7236
118.64
64.076
154.15
99.876
15.267
57.173
34.592
11.756
3.5232
851.29
430.68
458.18
272.22
279.8
203.44
246.57
175.33
402.12
42.282
43.503
5.8334
19.202
158.01
234.51
368.65
452.23
43.96
320.86
54.978
7.5541
77.552
221.04
98.001
159.76
97.135
65.065
71.728
307.38
85.077
278.74
33.195
84.296
87.082
160.53
52.834
19.026
0.97628
503.41
269.6
179.25
24.806
22.593
7.196
230.41
59.16
615.07
553.39
135.01
7.6036
230.32
311.08
380.94
476.3
491.65
197.79
279.01
382.39
174.25
128.09
138.3
8.6291
37.452
79.249
151.69
25.435
23.758
60.959
20.026
22.752
16.341
92.211
206.38
79.373
20.014
167.3
77.323
222.61
46.67
2.6912
35.269
18.73
55.904
112.67
22.275
594.47
671.16
820.28
706.84
938.86
286.44
283.68
307.68
46.288
8.7107
22.74
41.277
29.489
18.233
153.51
459.9
30.736
180.6
67.521
19.686
37.438
76.324
43.287
74.71
6.5446
163.68
70.59
2.6892
31.559
26.981
547.37
207.27
119.38
1034.2
30.025
124.1
21.505
91.563
15.801
185.14
642.6
13.539
134.36
50.073
533.46
518.03
708.48
272.83
33.175
137.18
109.84
50.289
30.297
241.89
4.0831
483.74
438.69
338.62
163.39
315.15
609.14
63.051
306.66
16.805
116.49
74.255
14.761
28.314
144.65
180.76
206.97
52.794
20.392
384.91
80.108
259.38
171.87
71.288
424.17
84.004
123.37
205.68
52.794
56.359
165.08
126.72
372.34
365.93
184.9
9.2201
23.898
68.761
1.641
10.976
42.269
198.55
49.737
8.0869
13.721
392.2
9.9549
19.915
17.779
67.705
104.76
13.078
52.363
68.733
28.415
46.82
389.63
386.84
9.6285
248.75
184.16
0.05679
80.489
2.3196
7.3285
266.39
465.88
14.847
716.2
144.77
57.879
53.045
557.61
623.95
363.54
362.72
178.83
364.8
105.01
175.91
375.07
399.2
133.88
263.86
57.41
312.63
246.33
315.58
336.18
348.95
647.94
514.47
719.54
810.79
541.58
124.32
184.57
30.474
211.35
83.381
39.202
12.532
296.18
285.64
12.572
9.0555
122.14
91.016
136.49
4.3191
54.765
13.781
73.404
239.43
46.555
32.679
131.32
119
177.69
136.53
33.371
49.436
284.32
153.92
4.3756
12.846
80.264
42.746
32.719
167.84
107.63
52.796
196.18
399.75
107.13
19.768
30.112
365.43
153.28
389.38
480.07
568.47
368.18
126.27
395.02
253.27
243.16
283.72
353.6
18.489
337.96
181.22
337.75
431.6
111.41
86.057
273.3
268.68
48.516
189.37
197.66
424.65
146.09
3.4776
106.85
448.12
67.838
339.31
327.42
313.91
127.85
11.089
37.045
88.476
80.73
80.878
155.01
278.3
260.38
7.2049
287.86
144.08
13.228
173.44
14.363
13.908
41.846
11.583
8.2701
50.255
332.97
7.8985
105.4
67.599
135.94
49.968
52.453
136.31
262.76
679.25
93.686
57.187
414.35
13480
557.73
122.86
132.72
9.7507
18.446
38.84
19.863
36.65
131.1
105.94
178.72
63.618
213.81
261.48
181.17
198.8
812.94
17.999
61.771
80.625
61.751
8.1645
191.06
483.25
180.13
14.792
66.14
96.887
225.63
373.97
185.43
440.81
4.8565
350.15
347.03
74.42
8.8963
4.842
179.11
8.9291
68.638
210.67
118.46
62.748
17.373
94.496
184.86
212.68
60.307
13.606
213.19
140.28
131.05
28.562
121.06
74.694
8.6625
7.0082
3.1831
40.452
98.192
122.31
9.7156
224.54
172.29
126.4
23.202
24.304
233.06
118.83
13.917
34.36
35.439
16.017
16.916
48.184
141.84
45.655
5.9331
148.74
19.281
23.323
996.68
506.85
46.695
181.55
64.186
625.94
51.791
372.62
72.954
66.638
411.42
122.85
16.159
17.987
12.936
371.65
18.107
15.966
11.284
11.197
73.114
23.301
91.454
25.484
121.34
36.67
133.82
285.29
367.82
19.688
247.54
283.03
100.46
209.4
104.92
397.95
407.82
158.82
295.57
38.975
10.957
97.136
108.39
72.771
240.66
9.1227
95.186
243.25
6.7316
466.98
218.77
126.63
30.293
138.64
28.036
326
218.84
101.86
222.25
112.85
66.282
28.073
129.09
49.076
515.01
125.18
64.7
38.567
110.62
470
20.431
12.727
353.15
90.164
186.83
202.24
148.3
369.51
116.53
11.283
494.4
349.63
170.31
237.01
41.152
4.4123
126.55
11.503
80.024
4.2258
29.277
46.708
55.841
5.9704
18.524
171.2
18.898
33.675
143.15
45.657
156.3
9.4992
316.28
22.84
62.685
10.289
283.39
124.28
204.54
315.6
157.71
64.194
73.872
405.69
550.56
133.5
234
105.46
126.59
245.42
94.9
50.03
134.19
12.979
40.942
188.2
14.334
173.62
47.956
376.88
293.22
530.56
73.236
4.2665
37.943
25.992
416.97
12.368
153.48
187.36
202.71
214.48
73.218
252.6
61.214
16.761
390.97
113.83
71.532
104.95
52.254
114.44
73.475
87.46
77.161
160.83
8.6776
193.68
59.844
29.767
91.601
31.84
1.7322
287.6
100.4
185.51
114.11
3.37
243.98
667
655.45
256.05
327.97
286.64
215.39
153.66
17.643
20.498
94.762
97.908
270.1
95.178
131.29
155.04
52.694
170.87
113.41
84.906
501.61
368.74
18.285
91.953
91.266
235.75
157.67
106.18
48.306
196.75
28.112
349.81
64.723
37.741
171.52
49.194
15.206
32.662
166.2
109.93
25.114
32.344
75.206
30.118
50.535
35.629
98.575
51.925
119.75
113.23
67.906
91.923
6.1669
53.119
5.8103
53.177
66.456
110.27
288.17
315.33
308.29
99.954
145.65
134
43.99
53.583
52.958
9.7186
125.34
9.0439
15.006
209.31
50.552
268.32
134.64
33.128
396.3
558.27
171.95
289.81
139.84
263.92
254.13
44.24
319.84
163.43
179.79
401.17
472.5
594.23
266.51
254.81
320.01
47.54
165.22
29.313
402.83
3.6997
583.61
103.57
142.56
283.67
426.78
316.68
486.9
999.97
598.28
215.03
9.6423
74.698
21.418
97.096
83.949
13.606
0.95742
21.188
146.99
429.81
598.12
23.325
0.51973
24.9
139.94
235.55
278.76
12.38
4.9306
36.62
33.098
45.771
209.23
130.8
41.953
97.416
82.27
45.998
225.6
139.74
49.356
190.15
247.96
175.56
304.69
33.461
75.725
11.656
60.833
9.1124
76.259
120.32
135.52
5.1039
22.992
52.15
109.05
134.49
216.78
155.95
557.68
542.26
154.16
36.998
175.7
54.763
56.247
11.861
26.857
151.61
158.55
26.028
21.592
67.514
229.86
8.8481
29.722
16.502
288.13
10.46
29.805
165.34
57.907
88.766
20.088
1.2827
69.428
99.423
20.688
101.42
65.258
203.74
15.699
199.57
98.639
40.754
19.586
43.442
20.329
5.3458
216.32
75.66
60.207
110.48
52.516
107.23
2.8136
4.8293
65.517
90.778
131.71
67.515
358.42
252.26
75.652
164.44
107.03
198.87
359.12
123.55
167.42
10.539
40.266
325.63
319.99
15.305
239.48
143.29
160.37
48.869
67.695
306.74
101.74
77.536
20.765
263.47
261.58
157.56
206.64
10.883
28.086
76.475
18.066
42.998
16.581
65.123
223.88
211.33
120.19
154.3
62.229
304.49
169.63
553.34
192.44
463.23
450.34
606.71
242.63
458.82
596.97
114.64
750.97
62.025
611.64
278.23
280.16
33.65
445.55
377.22
196.97
236.36
322.62
136.1
78.177
343.27
384.02
59.721
213.54
251.12
6.3538
31.939
439.7
48.015
133.83
243.87
570.9
626.95
475.92
474.96
184.22
287.32
6.198
43.587
2.5919
85.114
641.65
1229.2
667.28
132.68
196.58
381.73
43.725
281.61
144.27
194.02
112.48
31.914
154.7
56.019
2.906
26.644
31.622
94.604
13.265
81.33
116.57
7.3828
23.496
266.22
9.3588
174.82
32.715
666.1
58.91
234.95
2.1553
370.26
53.227
480.5
4.6211
48.695
164.49
35.991
54.305
21.338
75.651
62.308
175.31
260.66
376.41
758.41
468.03
444.53
1041.7
424.15
514.6
485.33
354.58
573.14
617.68
463.87
1029.6
729.53
877.89
256.8
515.1
453.8
338.61
591.56
571.6
634.96
884.97
469.14
588.52
3.6246
21.628
257.63
415.32
19.922
38.791
37.513
5.7841
7.2538
88.224
78.173
227.58
3.9398
184.17
302.84
297.68
173.38
66.051
32.174
13.039
29.427
20.953
22612
2.0956
104.61
77.763
39.656
18.15
14.753
134.19
39.163
31.209
159.76
109.29
92.653
136.48
21.288
76.47
35.114
61.295
9.4347
34.221
53.838
167.16
277.17
7.5259
22.083
38.971
64.98
14.631
39.069
2.3471
516.12
69.317
48.603
44.042
12.262
6.8311
162.98
23.56
240.22
261.32
409.53
259.39
707.56
731.37
12.135
535.41
33.412
128.83
33.681
25.619
4.5688
2.2373
123.62
16.768
374.24
10.505
41.221
54.728
76.238
13.356
24.396
6.1725
90.649
238.06
17.044
132.31
238.74
127.5
98.141
201.64
8.0679
222.75
259.44
108.14
432.91
74.997
133.34
220.51
551.09
118.29
64.362
109.05
68.822
33.432
41.692
35.398
179.46
58.405
94.627
154.1
197.57
211.54
119.97
171.17
71.168
2.8531
48.632
10.488
64.743
2.9604
3.4835
37.722
12.83
97.171
18.796
70.942
294.66
53.674
354.76
221.2
106.76
220.31
313.6
109.08
8.8013
312.52
259.62
19.295
324.91
13.022
123.43
166.36
113.28
3.2395
98.921
231.01
306.92
47.764
72.077
61.911
10.527
9.6614
19.921
13.261
610.52
557.84
27.033
621.63
199.74
190.43
319.47
610.18
43.696
22.887
395.41
88.617
613.75
155.6
69.743
396.08
387.89
70.748
141.88
98.31
333.06
4.9273
140.65
169.61
31.916
68.816
30.479
55.756
85.661
35.451
48.745
3.1266
13.845
29.59
39.342
23.955
8.8293
208.52
6.9404
23.614
100.28
23.461
16.257
25.901
129.22
7.023
100.67
3.963
111.37
254.46
400.05
410.77
126.75
36.299
1.7632
13.792
151.42
301.67
78.197
10.435
13.904
1.9464
2.2483
697.39
423.29
440.12
103.97
288.29
287.36
509.01
571.57
52.583
368.06
391.66
45.78
255.39
165.98
58.388
208.31
89.625
252.17
357.43
352.57
317.1
373.67
16.634
311.34
625.29
597.01
698.88
760.86
265.01
488.78
210.96
370.37
5.1732
584.43
32.443
1.5032
13315
577.12
373.5
9.9888
350.22
12.733
258.05
254.22
104.69
45.295
129.74
45.913
194.72
22.611
10.069
12.957
154.08
106.85
132.75
1.4588
73.362
27.169
45.593
2.9931
16.378
262.74
452.14
172.96
9.1072
26.995
89.909
8.9244
8.6465
111.03
57.363
17.831
10.388
8.55
14.224
34.616
61.51
35.161
66.071
22.645
13.626
38.737
206.55
54.084
42.719
66.558
73.258
298.92
329.06
19.329
257.63
152.71
18.041
50.335
293.29
348.57
120.39
253.22
77.292
112.15
284.8
338.45
92.764
19.107
76.578
117.11
72.19
40.221
140.38
246.14
63.615
152.23
60.755
30.931
71.53
111.31
121.02
336.72
283.53
28.295
41.163
451.1
67.748
107.47
81.127
397.71
157.17
89.115
21.752
383.18
51.37
460.61
19.631
230.89
107.89
54.397
67.43
507.42
241.06
23.463
153.67
211.22
352.44
160.58
41.615
260.14
288.8
360.01
111.68
3.6218
12.76
281.6
55.987
408.35
226.79
115.52
2.5883
16.758
514.64
58.065
64.2
144.4
89.982
108.1
142.15
183.7
72.685
35.737
350.15
47.534
252.68
90.918
33.61
17.809
4.8984
23376
65.777
33.964
9.8616
38.368
293.99
42.187
216.17
36.767
72.089
249.01
606.82
381.88
344.42
18.565
8.9594
262.71
410.41
39.304
18.921
79.154
16.501
141.51
274.34
465.18
41.447
90.494
214.66
3.4993
166.63
62.738
175.64
6.2996
28.648
91.85
25.443
58.67
68.483
7.3254
73.701
94.745
554.2
196
27.169
7.4081
152.06
30.397
235.62
784.9
119.23
223.55
307.4
306.64
162.19
42.909
306.94
214.13
237.78
479.64
127.29
457.52
31.11
184.5
334
33.751
72.691
6.6136
26.881
109.15
7.5924
1.07
40.304
1188.6
106.14
233.46
781.73
200.63
24778
89.621
66.502
46.877
13227
76.785
176.79
232.15
209.17
69.047
180.67
28.311
74.069
156.17
71.549
42.806
24.763
42.686
137.6
188.43
14.845
135.09
451.9
226.41
27.311
14.129
95.048
173.99
32.611
78.486
179.85
44.595
266.52
88.601
191.53
20.71
257.62
92.335
256.38
215.19
77.052
50.73
6.835
161.59
14.433
21.565
160.55
47.618
168.35
18.324
51.696
58.298
21447
183.29
18.278
84.175
2.644
34.865
10.479
69.431
580.28
179.19
44.976
92.068
1.2366
185.76
489.71
20.837
69.529
12.164
64.266
69.837
57.48
50.181
979.8
918.64
337.52
27.826
148.48
264.51
8.6286
290.54
3.1184
84.167
238.67
15.096
6.9708
1.1426
80.379
108.13
61.32
77.48
124.82
17.773
108.51
74.78
9.1265
5.1439
35.277
91.097
50.37
61.09
84.465
274.79
255.79
395.32
65.285
201.69
136.81
241.8
5.5493
26.671
386.95
13.007
41.356
37.819
22.909
339.5
183.5
44.35
248.93
369.23
161.47
222.81
180.32
167.75
75.107
108.77
173
204.19
421.99
201.89
168.34
171.86
391.89
77.455
667.77
177.85
28.687
19.205
8.0801
143.58
82.546
44.815
6.3261
209.75
87.62
214.23
4.0192
72.751
125.17
89.973
95.831
148.36
41.353
21.081
104.83
10.207
232.86
7.7211
24.587
34.011
116.15
102.02
95.319
44.654
126.46
185.19
42.784
58.573
470.63
35.589
152.55
23171
437.15
140.64
14.269
58.337
13.577
322.01
169.37
65.311
181.55
66.244
41.682
138.5
385.43
91.428
23.901
149.49
115.01
81.053
49.291
193.2
117.06
152.66
243.03
146.51
307.64
313.56
20.316
9.4631
418.21
16.005
680.55
51.326
47.147
162.02
315.56
731.26
742.11
92.487
115.34
147.54
38.068
31.462
34.245
115.2
68.743
216.82
12926
289.75
397.11
46.255
13.83
76.985
160.85
117.92
20.728
51.165
563.92
685.7
1069
599.51
393.67
304.06
311.5
95.701
197.69
115.73
25.867
145.07
66.408
9.306
65.783
174.86
53.152
18.964
161.42
27.279
80.898
218.83
124.3
1.9652
187.25
143.09
90.824
15.171
86.04
20.876
65.273
7.948
55.209
9.9614
496.53
205.21
217.84
244.88
384.47
271.87
428.74
388.22
408.88
612.19
32.137
236.72
22.12
15.475
15.403
115.45
437.08
63.791
114.48
3.8387
96.37
1.2033
65.859
46.935
161.68
428
99.578
193.76
139.69
150.96
301.83
39.623
270.92
1.8833
489.15
481.33
393.62
592.08
641.28
121.54
34.763
46.665
731.36
328.45
1084.9
569.44
126.74
77.247
282.21
72.158
63.927
39.516
256.69
61.821
230.87
19.334
23.285
106.59
11.027
25.926
70.373
419.51
59.117
21.288
49.489
13.377
54.284
3.6371
34.432
145.68
30.207
30.605
8.26
18.31
72.858
27.678
133.67
215.12
14.155
75.504
80.787
144.67
63.411
41.42
8.9788
303.25
243.18
57.946
53.156
89.6
152.68
7.616
238.79
57.183
162.63
39.386
14.259
158.05
617.76
5.0864
202.75
255.82
3.509
33.08
20.515
272.33
9.6496
20.401
354.66
50.658
221.75
10.356
195.69
405.74
177.86
80.04
61.642
9.9193
210.65
228.74
49.23
49.893
396.67
22.348
36.347
190.8
279.35
221.3
32.171
2.4435
175.25
50.817
53.228
2.3343
134.86
110.61
53.454
49.087
158.53
11.821
129.8
195.24
16.495
35.464
11.042
61.579
129.2
18.383
114.3
63.745
74.927
15.985
68.873
441.32
44.816
136.47
17.266
83.716
77.355
6.5777
330.99
164.13
27.413
117.94
18.743
39.777
12.643
241.75
107.63
410.31
238.47
629.25
347.27
47.893
37.813
8.8981
71.209
168.44
18.266
44.482
162.63
56.207
21.14
14.005
42.286
16.374
6.8463
63.418
9.6918
77.291
87.439
143.91
606.83
602.82
39.653
24.81
13.103
211.88
328.7
22.359
115.72
20.199
45.325
9.8415
91.135
92.482
38.466
390.01
3.0733
104.85
47.212
35.434
76.785
15.656
350.79
10.552
33.963
193.45
231.47
227.15
129.12
378.1
40.842
87.244
92.746
45.937
338.94
175.78
6.4857
5.6637
118.47
20.545
199.77
82.406
16.965
68.1
189.93
4.7171
789.68
56.023
85.074
140.84
23.566
36.179
19.188
31.026
352.12
390.42
259.5
249.93
301.39
17.037
287.07
346.14
546.63
541.62
155.23
65.703
239.52
165.34
238.05
479.47
30.42
146.03
96.129
71.685
147.21
16.114
192.08
283.48
22.478
6.2846
13.438
50
226.73
128.67
98.914
82.077
24.097
12.642
22.983
62.352
111.53
223.98
44.9
114.16
26.303
15.887
222.02
19.31
150.57
14.528
21.671
44.203
197.66
411.91
522.78
193.94
303.58
142.56
33.132
2.8079
50.074
28.21
60.315
111.1
142.23
149.06
47.442
15.464
390.97
4.3391
41.102
9.9068
72.637
117.14
50.363
189.62
51.136
39.822
20.071
104.3
16.489
122.82
57.878
111.71
66.079
140.78
179.31
515.6
2.208
92.561
45.907
13.355
81.783
182.28
132.35
31.208
314.17
121.48
12.398
291.51
603.8
72.691
544.36
237.3
151.95
279.85
117.82
174.66
177.99
87.461
90.675
82.958
63.75
30.822
217.3
22.884
38.294
14.546
56.222
13.896
2.9585
108.34
4.4826
9.1582
19.492
53.127
11.141
30.666
47.559
161.35
136.48
229.12
43.515
163.34
192.49
213.44
367.44
56.852
16.574
85.187
110.52
867.83
862.24
669.09
467.66
411.44
365.33
990.14
424.72
547.32
34.195
44.267
18.303
37.089
13.024
83.287
300.43
66.604
3.3058
117.54
53.566
221.67
856.68
918.04
853.89
736.79
1038.2
404.04
649.9
841.66
36.303
10.244
64.798
366.06
264.73
225.13
62.523
157.58
12.54
243.01
971.81
63.166
157.34
324.48
17.175
64.577
397.73
90.769
41.277
13.492
33.24
57.865
245.67
244.64
16.659
103.77
34.872
823.83
11.206
10.57
201.26
20.414
10.716
250.04
10.929
499.4
187.33
106.44
28.884
9.6144
9.5386
138.46
19.904
63.173
10.598
35.333
139.76
9.9535
46.687
290.61
562.17
176.68
67.04
148.18
64.141
224.31
281.8
130.91
32.041
502.71
356.21
598.6
14.591
144.12
11.822
270.11
119.17
6.4135
81.587
10.844
16.136
103.26
79.671
116.3
63.057
18.381
127.75
26.321
217.11
31.012
51.887
1.4047
52.984
16.826
29.845
128.81
83.38
268.38
359.25
7.1424
214.65
211.23
119.4
151.59
81.859
13.201
135.12
92.649
115.42
87.013
35.465
8.0074
11.488
204.08
2.7798
172.86
44.994
255.07
151.42
237.93
9.0557
8.9138
139.73
283.37
393.36
9.3007
29.009
9.8919
28.364
5.6173
11.54
131.57
53.409
101.04
300.42
120.51
408.45
384.3
320.18
66.881
132.94
229.08
46.502
104.15
6.3335
469.92
330.15
86.121
33.927
41.113
241.57
473.62
809.86
510.1
12.463
26.991
31.672
96.258
146.34
2.7019
290.9
231.77
5.8011
30.182
28.383
93.7
47.921
688.81
750.15
131.57
3.1806
178.34
442.72
237.57
159.29
0.32471
37.393
346.61
204.6
74.786
79.898
74.405
174.07
75.574
101.11
143.97
436.34
146.9
358.46
370.81
261.8
542.49
79.878
15.955
8.783
90.266
511.4
79.308
391.96
189.37
66.345
1.1298
94.507
43.121
92.15
288.76
40.719
28.938
65.534
201.58
18.317
3.7977
293.53
455.49
358.8
133.6
167.34
62.189
251.96
26.798
12.532
1.3211
72.356
173.38
63.139
16.37
275.97
89.585
238.83
436.06
119.51
135.28
463.18
550.71
551.98
160.37
395.14
47.487
145.87
2.0392
483.89
151.02
12.08
19.372
120.67
130.48
148.48
178.51
16.797
51.553
11.239
38.233
140.14
90.672
178.77
322.26
43.542
238.09
101.37
123.58
205.35
366.99
19.437
53.111
13.622
263.52
139.29
58.256
188.93
2.1355
166.05
111.01
168.34
3.3352
118.71
223.03
47.759
95.74
31.876
349.73
180.95
200.12
76.884
34.395
94.73
110.75
135.86
221.35
57.588
39.386
105.19
8.5544
115.31
31.341
15.735
42.538
185.54
344.73
22.906
125.89
17.68
241.08
44.172
18.414
186.6
30.015
119.88
94.455
17.646
75.384
637.85
417.93
284.3
6.9239
157.76
98.962
79.848
121.55
134.79
162.04
22.161
102.96
30.578
44.12
60.081
74.97
165.46
326.51
185.38
305.39
345.31
176.32
8.3677
223.92
153.7
14.64
283.76
133.89
14.449
110.33
22.256
138.54
131.69
36.68
76.328
22.006
336.7
211.15
76.451
17.798
53.919
90.758
81.992
87.167
25.087
120.16
16.898
153.71
242.86
238.94
25.74
10.983
4.5255
79.482
16.039
4.9652
19.699
294.99
271.91
42.755
168.55
54.584
85.047
45.823
84.512
43.97
51.458
5.3265
81.927
16.877
78.431
113.39
213.2
42.088
45.821
281.29
262.46
160.22
104.36
239.03
184.84
249.38
17.685
20.114
105.7
77.982
136.66
269.64
276.28
15.605
144.34
58.035
58.117
94.325
78.674
23.739
18.201
56.372
164.46
110.38
227.41
166.59
52.491
28.409
77.594
73.733
132.21
109.23
367.66
283.82
54.457
224.72
96.681
322.65
23.409
44.601
175.12
42.013
73.275
35.574
14.151
70.184
199.21
22.023
228.96
86.144
4.9958
95.728
35.178
30.369
70.802
12.452
130.26
76.059
151.9
70.656
59.401
121.63
86.485
14.236
24.172
85.563
113.66
5.3099
45.865
30.437
136.67
8.6615
127.44
232.72
88.347
199
33.638
6.5944
415.2
272.39
355.66
334.57
327.4
94.455
195.89
39.997
22.847
36.918
109.23
241.18
80.227
79.524
140.24
115.49
30.658
114.09
11.047
114.94
86.808
47.373
270.14
31.179
94.271
119.22
64.707
238.7
5.5128
19.245
229.59
115.16
16.234
17.109
364.72
36.887
7.7747
170.58
21.409
202.2
25.076
52.808
15.601
9.3531
66.709
140.79
49.073
229.05
101.67
5.1671
32.697
37.538
12.141
72.537
19.161
57.598
11.795
76.731
155.09
12.285
3.682
154.55
44.096
125.01
66.407
65.282
225.12
44.544
123.29
101.91
29.492
194.88
281.32
162.24
12.836
62.339
14.058
231.13
235
225.81
65.753
56.063
28.086
22.064
11.706
41.065
25.07
402.16
22.437
143.86
211.01
36.396
81.386
69.937
98.732
144.52
48.384
10.546
24.119
620.37
722.02
791.43
568.62
845.44
255.83
41.634
525.18
675.57
16.351
6.4124
59.247
36.981
97.573
213.05
79.842
7.5943
39.049
99.992
259.3
239.84
15.417
156.45
308.14
10.12
18.686
111.08
82.529
77.899
125.67
105.44
215.1
11.949
22.23
607.84
67.93
137.09
6.8473
27.072
45.216
99.272
389.84
592.85
232.25
222.66
69.042
132.94
92.893
15.136
234.47
13.731
6.9906
48.993
209.65
176.04
17.794
505.75
118.59
142.13
22.694
310.66
111.88
21.237
272.84
252.17
70.625
8.7341
164.29
75.478
18.423
116.89
198.95
93.955
357.14
19.804
244.48
8.6931
8.4226
23.756
13.402
43.555
147.45
33.455
160.42
154.21
84.288
17.049
127.03
89.032
38.157
168.29
44.967
69.106
91.154
53.113
29.023
154.79
15.902
20.934
12.275
15.141
74.2
67.595
6.4999
209.21
22.629
69.056
22.753
15.453
101.79
200.11
7.2221
212.04
5.375
53.083
138.93
129.58
204.74
57.9
18.532
158.84
215.96
140.08
274.25
354.2
106.84
298.72
345.31
364.27
7.7849
22.405
26.5
390.55
420.61
70.733
258.12
585.35
154.95
9.789
303.83
299.03
230.3
35.144
215.02
461.5
31.651
32.529
27.081
374.25
49.154
73.566
30.498
404.41
402.29
222.25
262.25
62.009
5.7163
45.007
42.668
286.01
294.81
3.2262
388.08
115.5
1051.8
73.861
458.14
389.63
65.383
25.632
273.9
301.76
246.81
243.77
63.811
129.75
35.158
330.36
5.6809
27.82
11.035
21.043
35.07
404.11
47.118
632.65
203.09
178.79
101.12
708.9
7.8798
119.13
590.22
424.79
136.63
266.76
149.4
14.398
102.89
78.846
47.842
88.881
6.9522
17.242
20.395
9.2634
70.451
37.972
80.481
395.94
208.82
3.3736
202.02
231.07
184.29
134.73
129.04
32.425
229.25
157.39
27.918
41.947
550.56
28.466
5.079
42.256
158.01
270.73
32.961
31.195
60.094
56.918
43.842
66.303
102.58
243.41
41.869
60.352
352.55
202.36
221.47
16.59
387.32
83.998
150.8
110.35
222
2.7494
100.33
163.36
10.509
56.167
324.28
207.09
214.03
204.7
9.9555
403.57
245.94
24.486
153.83
11.303
86.269
7.3025
50.649
138.21
90.126
543.35
5.1671
73.452
22.199
343.98
16.709
261.92
20.341
40.557
62.472
63.363
304.55
346.24
14.329
117.02
39.264
389.59
64.248
147.08
88.586
84.065
40.803
32.862
170.99
12.616
199.38
102.15
210.43
88.129
164.09
10.99
3.2839
71.901
99.751
91.917
153.46
196.06
49.307
83.626
189.38
295.38
111.52
76.491
220.43
157.65
180.34
126.91
6.4134
20.275
108.53
92.308
3.113
33.626
9.3589
2.9503
180.13
86.409
186.14
12.823
73.034
41.98
247.53
58.623
176.49
93.26
18.143
62.958
191.2
105.85
42.798
44.93
380.79
285.53
17.922
8.9645
65.264
52.009
95.309
81.215
11.696
99.351
356.89
16.701
4.4974
100.39
63.94
143.52
23222
28.542
51.903
149.22
202.57
68.996
13.915
193.49
227.59
71.903
50.508
34.982
9.4686
110.97
204.15
65.193
136.64
499.47
262.97
423.08
86.312
2.702
245.59
171.15
7.5832
209.16
27.775
6.1333
4.9579
571.83
583.94
97.66
153.47
163.1
8.5412
169.86
177.42
244.8
541.37
537.93
12.863
343.43
376.12
426.08
54.87
157.06
231.47
311.86
267.21
351.51
375.19
259.88
501.95
70.29
146.46
590.59
11.244
757.01
179.83
564.56
729.19
640.2
238.76
333.8
116.68
158.01
276.99
287.92
347.07
82.2
60.422
183.46
30.71
43.598
23.165
70.445
83.837
45.661
154.51
150.98
16.088
18.72
57.617
12.267
261.72
274.17
186.66
247.55
429.22
33.653
11.238
196.05
227.65
12.789
65.63
73.935
84.387
66.963
37.064
17.3
149.96
3.5552
57.119
9.1155
57.696
43.166
58.907
31.564
11.34
44.277
69.722
44.893
53.505
1.8452
157.95
187.24
96.266
239.74
340.4
107.28
14.164
1047.5
756.92
605.81
831.95
697.47
936.17
873.32
314.55
655.98
6.5896
91.697
79.442
227.75
93.213
23081
201.97
186.61
13.853
27.506
347.56
26.866
22.324
102.78
32.764
82.541
203.9
231.46
236.38
541.66
116.86
216.3
62.561
4.788
5.7343
165.87
26.368
66.963
42.658
2.956
138.2
9.7475
39.617
25.284
89.339
10.201
292.93
14.35
12.556
89.983
7.1886
21.562
74.298
3.8993
14.552
15.774
68.96
68.334
72.311
57.103
244.21
27.697
37.967
137.28
9.8883
12.441
121.31
15.505
132.9
138.94
266.43
28.904
6.9085
159.15
47.29
16.042
12.253
280.68
22.814
11.818
73.597
59.177
38.943
117.21
112.99
321.11
332.63
459.96
71.815
496.18
70.317
395.59
264.21
546.04
195.78
136.44
45.92
46.077
31.768
323.96
118.43
184.83
19.868
178
25.772
277.21
144.42
89.403
7.707
26.826
464.66
104.63
327.43
88.514
138.95
12.171
24072
16.916
53.946
452.55
13.062
66.832
440.39
15.134
32.013
49.229
67.18
76.352
6.1339
10.927
181.75
227.18
408.07
408.16
508.37
152.85
34.592
10.017
1.8192
161.17
202.65
157.82
165.32
310.63
17.109
24540
452.22
2.3349
3.2929
281.32
104.35
53.788
166.7
26.675
85.305
129.58
203.2
56.088
120.5
42.518
67.107
88.289
46.752
27.089
204.01
144.78
791.02
793.43
4.2411
41.846
85.551
23.673
217.56
27.705
41.092
49.636
95.483
52.34
348.97
71.965
187.62
106.14
240.26
419.79
148.26
17.956
11.565
6.9528
60.029
72.123
74.104
13.016
96.168
28.659
145.46
163.83
60.291
50.961
138.92
52.412
102.85
168.97
32.259
83.755
93.693
315.22
70.588
113.25
46.103
320.72
264.73
280
51.857
286.16
196.08
76.622
85.454
105.78
30.013
21.092
25.304
44.231
11.382
2.4078
23.552
36.148
30.142
39.101
125.57
48.343
26.233
317.92
4.2307
78.784
120.26
243.08
325.79
183.04
403.22
729.52
216.94
684.08
501.94
453.99
431.88
410.69
461.97
337.02
616.88
653.28
710.4
741.61
422.83
586.73
581.44
128.67
32.557
76.48
7.8181
85.868
15.443
6.5633
53.891
88.904
198.32
35.711
207.98
229.15
31.131
257.36
7.9565
1.5698
657.35
655.96
18.489
92.052
536.83
665.16
152.61
261.78
267.29
137.59
10.599
16.522
652.41
18.424
217.22
58.738
63.617
139.63
30.092
93.169
33.572
482.85
470.29
471.78
116.89
305.36
295.2
310.15
367.88
117.85
164.52
220.1
400.89
469.62
105.67
294.76
319.91
54.224
458.24
28.251
75.054
67.893
38.577
36.449
206.63
329.33
740.85
109.1
44.442
315.51
46.904
176.49
170.71
56.794
85.357
194.6
307.25
12.937
116.69
171.8
59.939
92.444
186.52
71.985
83.508
6.9584
33.496
252.3
189.59
3.4216
98.284
233.8
12.554
51.907
186.08
291.86
97.418
1.0063
0.66421
296.45
22.618
8.568
0.74224
39.653
126.75
4.6681
70.901
336.14
151.96
15.298
1.5126
175.49
170.58
460.9
33.146
18.499
487.21
7.1068
397.48
417.46
215.49
76.92
562.7
114.86
466.19
165.88
106.13
11.272
90.354
35.829
39.287
49.473
54.521
68.401
48.658
224.3
245.66
316.3
548.11
194.9
205.22
5.4074
42.271
13.567
11917
127.01
74.633
436.86
368.11
251.32
37.093
60.973
111.56
349.26
308.17
28.914
460.89
133.82
674.66
69.834
33.5
127.71
9.661
68.418
381.39
286.23
65.106
145.46
124.58
279.37
163.58
12.335
116.69
48.285
70.462
36.018
149.83
140.48
84.472
72.027
414.54
19.235
131.17
5.8824
115.73
79.806
34.232
37.533
33.966
24.712
44.091
18.794
63.221
473.3
194.08
42.896
123.28
9.4108
23.362
91.358
3.4361
46.396
9.6496
89.973
637.03
370.3
353.92
140
242.87
445.26
514.74
20.496
271.42
79.737
271.34
10.881
8.5657
274.05
12.669
22.097
64.749
124.11
59.996
25.507
26.403
122.46
541.3
65.229
397.97
273.78
315.77
19.144
375.03
791.3
801.13
732.17
716.34
353.47
34.018
31.958
22.472
103.23
239.46
95.927
79.192
68.696
9.7058
